(1308, 1626, 2649, 0, False)
(10430, 16537, 15710, 2267, False)
(17659, 16728, 13217, 10438, False)
(13032, 13859, 12113, 9901, False)
(17827, 17945, 11927, 9319, False)
(18368, 12171, 18116, 17406, False)
(15973, 19463, 20614, 20463, False)
(14898, 16791, 16677, 15717, False)
(18892, 17128, 15066, 18245, False)
(18090, 15031, 12742, 19034, False)
(0, 1394, 1335, 1610, False)
(19646, 19234, 20305, 19139, False)
(19385, 13825, 17427, 16230, False)
(16626, 19615, 18344, 18228, False)
(21482, 20341, 11468, 19606, False)
(3650, 3337, 0, 2340, False)
(6602, 8854, 18761, 12238, False)
(8098, 13338, 8923, 7479, False)
(11720, 0, 8040, 17354, False)
(21403, 21087, 20126, 20725, False)
(11549, 15426, 16170, 15302, False)
(10371, 11580, 11664, 7305, False)
(19868, 20419, 18829, 20113, False)
(15082, 18726, 18582, 16769, False)
(16880, 8161, 7224, 13160, False)
(18488, 21007, 19891, 18365, False)
(5128, 4162, 0, 2425, False)
(1659, 4380, 10472, 5362, False)
(7592, 19731, 5442, 6327, False)
(21486, 17504, 13714, 18393, False)
(19658, 20649, 20346, 17254, False)
(4317, 1443, 1756, 0, False)
(20622, 16750, 8501, 13337, False)
(8325, 6009, 6552, 8623, False)
(17723, 20679, 19127, 18099, False)
(1818, 1605, 1736, 1723, False)
(12187, 20089, 20096, 16053, False)
(17226, 18019, 17495, 21418, False)
(15158, 16004, 16264, 18632, False)
(13469, 17417, 18967, 18887, False)
(0, 2861, 3502, 3240, False)
(21923, 14790, 17859, 19846, False)
(17599, 16729, 18222, 20463, False)
(7415, 15007, 16764, 19313, False)
(17021, 16054, 8222, 20311, False)
(22854, 22545, 22307, 21154, False)
(0, 4303, 3479, 1259, False)
(17623, 15685, 13185, 16104, False)
(16326, 20621, 15647, 13353, False)
(18611, 19346, 20715, 17994, False)
(11891, 13590, 14211, 15251, False)
(20273, 15017, 13454, 17578, False)
(14390, 19321, 15731, 17999, False)
(0, 1168, 2028, 2484, False)
(14885, 16673, 17555, 21525, False)
(17061, 15784, 9478, 15455, False)
(12262, 0, 14078, 20014, False)
(12136, 7073, 15192, 21108, False)
(14490, 14101, 9594, 13582, False)
(11416, 16546, 16759, 16158, False)
(3127, 2474, 0, 4796, False)
(8254, 17320, 16250, 12069, False)
(19253, 11049, 19098, 20606, False)
(3717, 12777, 2652, 1437, False)
(17736, 18306, 17791, 15842, False)
(9952, 7415, 13419, 12140, False)
(18152, 16710, 5246, 16172, False)
(18016, 10953, 14806, 16205, False)
(16907, 21275, 19972, 15542, False)
(18057, 20187, 18318, 21968, False)
(18415, 19706, 19173, 19130, False)
(16115, 17729, 22396, 18665, False)
(19941, 19640, 18886, 17069, False)
(9520, 15971, 18268, 11118, False)
(5016, 8969, 15321, 10338, False)
(11348, 10735, 4505, 9212, False)
(1605, 5991, 15176, 4316, False)
(1988, 6738, 16261, 8756, False)
(15328, 13683, 4755, 10812, False)
(8635, 18754, 18458, 12460, False)
(17710, 15986, 19679, 20267, False)
(7006, 9555, 8595, 7187, False)
(21071, 19061, 19289, 20971, False)
(18582, 14959, 16110, 16358, False)
(15271, 15430, 18064, 18044, False)
(16913, 16145, 12178, 16367, False)
(19258, 9424, 3742, 14974, False)
(11775, 16738, 20150, 15158, False)
(13186, 12802, 14856, 9586, False)
(8761, 0, 7494, 15058, False)
(10041, 0, 8140, 14758, False)
(10754, 8349, 7730, 7924, False)
(20380, 20693, 17946, 20343, False)
(18002, 18271, 17766, 17680, False)
(16612, 7658, 6893, 13884, False)
(0, 3069, 3313, 3916, False)
(19995, 21415, 19599, 20754, False)
(1913, 1900, 2190, 0, False)
(4054, 0, 0, 5305, False)
(18138, 19435, 14270, 12106, False)
(19829, 16954, 20919, 17052, False)
(18771, 13917, 7142, 11998, False)
(16864, 18637, 17670, 15101, False)
(17446, 20518, 19930, 18627, False)
(19619, 18899, 13333, 16644, False)
(8202, 7893, 10587, 9248, False)
(20801, 22263, 15506, 19680, False)
(19881, 20902, 19394, 21456, False)
(11582, 0, 9409, 15486, False)
(18000, 13825, 15399, 17279, False)
(19745, 19504, 13392, 17607, False)
(11368, 14137, 14853, 10999, False)
(2889, 0, 5464, 15965, False)
(16367, 18827, 17915, 19814, False)
(0, 1755, 2128, 937, False)
(7623, 4824, 0, 3469, False)
(20088, 20088, 15534, 17005, False)
(10983, 0, 12268, 15078, False)
(12602, 10347, 13546, 22939, False)
(5730, 13465, 18454, 11758, False)
(15823, 16573, 17982, 17116, False)
(21310, 19900, 12365, 14766, False)
(18037, 17983, 17922, 17546, False)
(10755, 11912, 15272, 15116, False)
(17943, 16824, 17123, 13757, False)
(4596, 6264, 14441, 9735, False)
(17453, 17966, 12024, 19922, False)
(16905, 13827, 17772, 16783, False)
(20857, 21261, 20793, 21208, False)
(18388, 8675, 8312, 8816, False)
(6867, 9579, 7482, 7225, False)
(21378, 20995, 18931, 20442, False)
(10058, 17786, 14806, 10717, False)
(17477, 19735, 18887, 14540, False)
(19241, 19642, 19874, 6430, False)
(19436, 19842, 16803, 16954, False)
(18487, 13836, 14615, 18774, False)
(19372, 19530, 19576, 18901, False)
(7087, 0, 4760, 9764, False)
(5966, 0, 6915, 14104, False)
(3643, 9729, 11782, 6927, False)
(12083, 17465, 12057, 12394, False)
(5800, 10425, 8380, 5121, False)
(17915, 19853, 20009, 17660, False)
(18728, 18979, 17956, 17855, False)
(13938, 18588, 12277, 12570, False)
(12590, 12785, 17630, 16448, False)
(12930, 0, 11034, 17466, False)
(21446, 15790, 15346, 20637, False)
(6153, 7414, 9297, 11004, False)
(18773, 20512, 20141, 18815, False)
(18273, 18572, 19000, 16373, False)
(15378, 8108, 6980, 17250, False)
(18343, 16277, 16834, 17700, False)
(9996, 7631, 6508, 8360, False)
(20837, 14362, 17741, 20317, False)
(19960, 13919, 15644, 15568, False)
(16004, 16604, 17455, 20691, False)
(15598, 12661, 13582, 10802, False)
(18347, 18222, 17664, 18307, False)
(20439, 19863, 17300, 19576, False)
(1624, 2276, 3185, 1660, False)
(19881, 17301, 20177, 19496, False)
(11137, 11942, 10150, 5786, False)
(19047, 17611, 3557, 12340, False)
(16678, 15635, 16624, 17651, False)
(20687, 20568, 22243, 22263, False)
(0, 1311, 1583, 1952, False)
(17451, 6838, 9277, 16171, False)
(12641, 16070, 5466, 12700, False)
(12367, 12231, 19361, 17522, False)
(7204, 8118, 7990, 6191, False)
(6006, 9632, 18411, 14166, False)
(6585, 12189, 14339, 8600, False)
(15589, 18614, 18353, 18936, False)
(8629, 10616, 19691, 7996, False)
(15960, 11569, 12719, 12516, False)
(19287, 22117, 17713, 20167, False)
(16054, 11328, 10683, 12895, False)
(16251, 17034, 18973, 16394, False)
(19005, 17558, 19341, 16611, False)
(18273, 20911, 17930, 21132, False)
(20148, 21437, 19389, 18721, False)
(5664, 7484, 17365, 8689, False)
(19177, 19019, 13266, 18529, False)
(17756, 9936, 16337, 19087, False)
(14693, 11581, 4009, 17543, False)
(11302, 17346, 16261, 18412, False)
(19681, 19356, 18544, 17414, False)
(6591, 0, 10112, 16457, False)
(6358, 11853, 8084, 9530, False)
(17155, 19889, 18752, 16936, False)
(21094, 21490, 18440, 19017, False)
(21284, 12786, 9260, 14708, False)
(18258, 17724, 18223, 17811, False)
(19431, 19095, 19065, 18788, False)
(18261, 13917, 15531, 20698, False)
(14119, 12135, 13007, 9072, False)
(7479, 7363, 13201, 6131, False)
(8010, 14189, 15471, 8248, False)
(10463, 22339, 17963, 7714, False)
(17423, 17117, 17167, 19452, False)
(10200, 12550, 3006, 4434, False)
(20870, 17140, 10738, 11729, False)
(12717, 18447, 18902, 15962, False)
(11890, 12497, 16130, 6646, False)
(13492, 16407, 17256, 17793, False)
(18047, 7081, 7437, 11094, False)
(6390, 5986, 12310, 13606, False)
(14881, 7885, 7595, 12434, False)
(18466, 18740, 13087, 11610, False)
(15423, 16559, 16494, 22055, False)
(8950, 8179, 10800, 22386, False)
(20145, 17981, 3802, 15330, False)
(17489, 11507, 7129, 10067, False)
(18956, 17809, 18892, 16437, False)
(8157, 8237, 5876, 6072, False)
(9603, 17797, 15227, 12093, False)
(18548, 20454, 19167, 17736, False)
(0, 1152, 1905, 3800, False)
(11939, 18414, 17289, 17820, False)
(19821, 20721, 12705, 16981, False)
(13940, 17560, 21453, 13870, False)
(9401, 6059, 7443, 10545, False)
(17709, 18209, 18230, 17628, False)
(15969, 12841, 14512, 18326, False)
(11535, 5923, 10226, 9922, False)
(17295, 14743, 7579, 13272, False)
(17304, 13457, 15753, 13630, False)
(7521, 16470, 13089, 6182, False)
(16768, 18668, 18237, 19818, False)
(19379, 18738, 20308, 17471, False)
(18410, 15733, 16561, 17867, False)
(16238, 18548, 17952, 13572, False)
(4241, 2030, 0, 3254, False)
(19964, 16694, 14496, 20001, False)
(16583, 19143, 18223, 18640, False)
(6854, 10564, 10189, 6320, False)
(15299, 18185, 17921, 17532, False)
(19249, 15495, 12884, 14967, False)
(6883, 6497, 6522, 5532, False)
(7462, 18500, 19657, 13032, False)
(10002, 16886, 17487, 18958, False)
(4904, 7106, 11273, 6657, False)
(11239, 11667, 10492, 10299, False)
(20272, 13414, 19946, 17078, False)
(7638, 10569, 15566, 14037, False)
(9229, 12250, 14593, 13642, False)
(9371, 0, 11807, 17696, False)
(17217, 19212, 18525, 19748, False)
(7454, 12221, 21391, 11131, False)
(17060, 12077, 17247, 17521, False)
(18843, 18835, 18446, 17132, False)
(14200, 6448, 7192, 8981, False)
(6917, 1853, 1649, 0, False)
(3165, 4031, 3337, 7524, False)
(16584, 18335, 17793, 17568, False)
(3774, 6605, 15815, 7928, False)
(2460, 1286, 12385, 2424, False)
(12130, 12087, 12407, 12144, False)
(18555, 19340, 16902, 17781, False)
(19128, 17269, 13053, 19118, False)
(13895, 13524, 13088, 10163, False)
(16564, 13146, 16616, 17718, False)
(21736, 22382, 19850, 17586, False)
(20016, 17297, 13920, 12182, False)
(7783, 16635, 18200, 20381, False)
(15480, 15506, 15306, 14787, False)
(11826, 12262, 19669, 16705, False)
(20341, 18546, 11209, 10739, False)
(23094, 22959, 15128, 20540, False)
(17440, 16666, 17344, 19481, False)
(16697, 17603, 18168, 12499, False)
(16916, 17798, 17538, 17269, False)
(7794, 11557, 17994, 11633, False)
(2571, 11342, 2485, 1359, False)
(14195, 16300, 13566, 13635, False)
(12213, 12023, 13030, 13112, False)
(18205, 7533, 6246, 14225, False)
(19409, 15910, 12962, 13825, False)
(19456, 18817, 13181, 18598, False)
(20345, 20463, 19819, 19780, False)
(15806, 16591, 18774, 21027, False)
(18879, 12127, 19634, 17457, False)
(14508, 21810, 15758, 9920, False)
(14462, 17939, 19818, 18000, False)
(16990, 19061, 19427, 19505, False)
(2944, 2083, 2186, 0, False)
(16199, 17614, 16495, 12746, False)
(10227, 10995, 15210, 14203, False)
(7268, 16862, 18011, 19084, False)
(15653, 18780, 11348, 12596, False)
(12682, 7642, 16534, 20995, False)
(15628, 11995, 15120, 17694, False)
(4544, 0, 6773, 9691, False)
(18255, 15796, 12368, 17208, False)
(18868, 18784, 18850, 19075, False)
(19873, 15498, 12923, 19333, False)
(14985, 19288, 17274, 19259, False)
(13670, 16791, 13317, 17342, False)
(19705, 15404, 16465, 17002, False)
(6546, 9350, 7411, 9361, False)
(2774, 6091, 2022, 1933, False)
(12132, 10388, 19298, 23006, False)
(19271, 17698, 12636, 12103, False)
(18012, 19814, 9109, 11883, False)
(15060, 17884, 19642, 14269, False)
(15231, 17776, 16131, 13377, False)
(18827, 17401, 17341, 17715, False)
(11846, 7563, 17953, 18749, False)
(16527, 15390, 13641, 12215, False)
(20361, 18122, 16320, 19664, False)
(17927, 17366, 17169, 16872, False)
(17375, 17802, 18059, 17413, False)
(12078, 13042, 11778, 12567, False)
(15225, 8650, 7724, 16195, False)
(17148, 18816, 9398, 8208, False)
(6691, 7491, 9087, 7455, False)
(15339, 19403, 19307, 20524, False)
(20653, 17119, 18639, 20279, False)
(21432, 17635, 19498, 20598, False)
(13050, 14864, 18069, 14650, False)
(8673, 7488, 7325, 6275, False)
(21399, 20732, 14292, 18345, False)
(19946, 21711, 19311, 18808, False)
(10247, 13013, 13181, 12900, False)
(17733, 26570, 22421, 21278, False)
(19153, 12109, 7795, 9942, False)
(6877, 8463, 11897, 6150, False)
(13071, 14598, 9771, 8385, False)
(9335, 17568, 17586, 9336, False)
(16379, 17733, 16336, 15827, False)
(8606, 10403, 6360, 7419, False)
(20136, 12141, 7456, 15787, False)
(16262, 18631, 15543, 10238, False)
(1466, 6955, 12747, 2855, False)
(18331, 12072, 12425, 16053, False)
(16444, 7582, 14619, 18406, False)
(18150, 15020, 14536, 15822, False)
(20637, 21952, 16680, 12746, False)
(16716, 18232, 14812, 11908, False)
(20697, 16139, 17952, 20175, False)
(12965, 19059, 15106, 16455, False)
(14810, 17578, 18338, 18414, False)
(19249, 15880, 19934, 16578, False)
(19567, 19921, 16107, 19314, False)
(17172, 17212, 19501, 17730, False)
(0, 995, 1412, 1040, False)
(16379, 18678, 19738, 19296, False)
(18841, 19002, 18483, 18658, False)
(9123, 18222, 8461, 6895, False)
(13424, 12952, 13198, 12998, False)
(17408, 12307, 10140, 14903, False)
(1133, 1759, 1956, 0, False)
(8713, 16643, 20699, 17874, False)
(17720, 18301, 19566, 19565, False)
(1445, 7906, 18206, 6351, False)
(15249, 16643, 16111, 15666, False)
(17889, 20296, 16438, 17396, False)
(3061, 1774, 6625, 0, False)
(12848, 14073, 12251, 13684, False)
(15808, 15059, 15496, 16192, False)
(16570, 18939, 18543, 17941, False)
(17311, 18094, 15316, 17200, False)
(10986, 19457, 14889, 16425, False)
(12004, 11587, 17131, 12253, False)
(5230, 7162, 0, 3134, False)
(1970, 1675, 2348, 0, False)
(3898, 2867, 0, 3976, False)
(15694, 17155, 19715, 19461, False)
(19443, 17876, 16159, 20013, False)
(12175, 10780, 6531, 5568, False)
(6345, 6649, 19187, 17291, False)
(20206, 19984, 14827, 16729, False)
(17636, 16164, 20061, 17919, False)
(6368, 5399, 6367, 6827, False)
(2109, 1423, 1228, 0, False)
(13634, 20853, 19820, 12960, False)
(17853, 18337, 16739, 13350, False)
(16271, 9139, 17704, 14921, False)
(10239, 20385, 19079, 13211, False)
(13379, 14885, 7372, 12040, False)
(18464, 17598, 17007, 17593, False)
(21475, 21252, 21690, 21359, False)
(8014, 11840, 8867, 1579, False)
(12710, 18660, 8233, 1827, False)
(12807, 13652, 18635, 17690, False)
(13956, 17894, 18123, 13551, False)
(20716, 19753, 11267, 12954, False)
(15526, 19473, 20074, 17656, False)
(18942, 18223, 17455, 16662, False)
(19050, 11386, 8441, 11196, False)
(13754, 15287, 11697, 17997, False)
(10537, 11674, 9064, 14547, False)
(20623, 20723, 17966, 18363, False)
(16323, 19830, 19776, 18262, False)
(7848, 13308, 12774, 7283, False)
(2952, 4401, 0, 5078, False)
(8152, 9700, 11433, 14027, False)
(16790, 17773, 20159, 17272, False)
(10254, 17652, 10158, 7596, False)
(18965, 15177, 10221, 16465, False)
(19912, 17015, 16292, 18687, False)
(8257, 7133, 11529, 8705, False)
(4443, 6343, 2243, 2310, False)
(16469, 14121, 15848, 11769, False)
(13410, 17964, 17345, 16278, False)
(6338, 2224, 3552, 0, False)
(18875, 19203, 14464, 18677, False)
(17494, 22682, 17974, 20972, False)
(4900, 0, 4594, 12118, False)
(12322, 17957, 19153, 17036, False)
(17989, 17356, 8736, 17799, False)
(19354, 17796, 13355, 17243, False)
(13115, 13092, 12669, 12240, False)
(21082, 17350, 13759, 12448, False)
(7691, 8868, 12754, 18282, False)
(2358, 6005, 11674, 6131, False)
(19878, 18046, 18518, 17590, False)
(3554, 3352, 0, 3696, False)
(0, 1590, 2891, 2328, False)
(14527, 18534, 16985, 18578, False)
(13332, 13645, 10558, 14507, False)
(17697, 16587, 11788, 14256, False)
(17969, 20331, 19644, 20264, False)
(16557, 17171, 13447, 12911, False)
(19269, 18520, 18167, 18821, False)
(16629, 18927, 4405, 15428, False)
(12347, 17372, 17873, 9318, False)
(12829, 11775, 10765, 19102, False)
(14408, 17102, 13129, 11949, False)
(10652, 10778, 7691, 8337, False)
(11388, 6775, 9975, 21492, False)
(13638, 17024, 4519, 11629, False)
(16553, 17042, 17810, 16150, False)
(7767, 13690, 15973, 8363, False)
(16676, 18167, 20021, 18315, False)
(12806, 10935, 2421, 9922, False)
(17162, 20835, 20552, 18498, False)
(0, 767, 703, 934, False)
(1978, 1487, 1357, 0, False)
(12564, 19900, 18485, 17197, False)
(19785, 18128, 12852, 15214, False)
(20342, 10049, 10038, 19133, False)
(17060, 18715, 15836, 11080, False)
(19970, 13274, 14405, 20430, False)
(18734, 16659, 13375, 14041, False)
(10280, 6889, 5723, 8655, False)
(11915, 18169, 10937, 11850, False)
(20605, 17214, 11311, 15807, False)
(20133, 20308, 19818, 19632, False)
(17776, 16510, 15672, 19781, False)
(10887, 15214, 11953, 13185, False)
(12707, 12000, 12746, 12586, False)
(2402, 8740, 2701, 2662, False)
(18283, 17610, 18309, 16752, False)
(19451, 18969, 17018, 20155, False)
(14111, 7663, 6597, 7452, False)
(13762, 16387, 11306, 1850, False)
(15464, 16365, 14061, 14851, False)
(3775, 1617, 4744, 0, False)
(7370, 11163, 17092, 9698, False)
(18479, 20687, 17969, 23006, False)
(18854, 18011, 12996, 9913, False)
(2565, 10558, 2532, 1596, False)
(0, 0, 1894, 1924, False)
(19022, 18113, 16643, 19631, False)
(17829, 16840, 17972, 17772, False)
(18157, 19267, 22455, 20420, False)
(8274, 8775, 6720, 6461, False)
(3657, 3970, 0, 5168, False)
(18883, 20455, 18385, 20793, False)
(10997, 6728, 9363, 18235, False)
(13687, 12416, 17231, 14415, False)
(6156, 17621, 20422, 16568, False)
(9306, 17871, 20825, 17542, False)
(5218, 4780, 0, 6809, False)
(4210, 4071, 0, 4464, False)
(11899, 0, 12958, 20919, False)
(2815, 11748, 2967, 1569, False)
(11241, 20465, 8892, 7376, False)
(9532, 12129, 8915, 6916, False)
(9926, 0, 7115, 18213, False)
(16750, 13136, 6595, 7390, False)
(14633, 6149, 6436, 13961, False)
(12565, 15187, 18885, 21744, False)
(13621, 15113, 5834, 11582, False)
(16928, 18689, 18441, 20984, False)
(18343, 17571, 16997, 18791, False)
(16368, 18918, 20693, 19846, False)
(19908, 11171, 7000, 8062, False)
(16245, 18391, 15032, 9895, False)
(16602, 11137, 3373, 18933, False)
(8367, 7338, 21069, 14143, False)
(10765, 21699, 19783, 17945, False)
(2277, 9179, 4153, 3555, False)
(19986, 15191, 15672, 19142, False)
(22365, 20041, 10177, 17541, False)
(15023, 20305, 16847, 15876, False)
(17368, 9017, 7501, 11667, False)
(17143, 16361, 13702, 14744, False)
(17500, 18783, 15759, 17858, False)
(19083, 8122, 18607, 18813, False)
(3311, 8029, 12682, 2832, False)
(20274, 18811, 20311, 20362, False)
(16359, 14297, 17367, 15811, False)
(15284, 17018, 17548, 15199, False)
(14155, 20414, 20396, 17413, False)
(12571, 16333, 8647, 6785, False)
(18439, 17680, 15676, 19800, False)
(19082, 17255, 13598, 17182, False)
(10340, 0, 5806, 18245, False)
(16370, 12615, 13546, 15058, False)
(8945, 8476, 16452, 12984, False)
(13000, 12090, 11317, 11767, False)
(0, 3131, 4328, 3015, False)
(0, 3350, 3326, 2015, False)
(16697, 12605, 18758, 17775, False)
(16746, 18760, 14967, 17010, False)
(16912, 16990, 16944, 17811, False)
(18829, 22063, 21501, 17496, False)
(18601, 18067, 18156, 21716, False)
(2278, 3716, 6019, 0, False)
(15013, 16890, 19586, 19845, False)
(12057, 15848, 11053, 9570, False)
(20123, 19571, 19275, 18835, False)
(15845, 16270, 16096, 16317, False)
(8746, 10820, 16419, 21860, False)
(18699, 7174, 8651, 9481, False)
(9378, 14761, 18958, 20343, False)
(14411, 14273, 18354, 14544, False)
(7264, 16302, 6601, 8913, False)
(2091, 8606, 2311, 1597, False)
(19641, 11555, 8533, 8582, False)
(15641, 16590, 15173, 16617, False)
(18806, 15032, 12362, 17208, False)
(17288, 13087, 6130, 19506, False)
(17058, 6945, 9088, 7702, False)
(19225, 19872, 19394, 18760, False)
(6543, 8615, 9237, 7219, False)
(1503, 1603, 1696, 1218, False)
(18806, 17732, 10602, 21202, False)
(17972, 11138, 6432, 15749, False)
(9600, 12948, 9713, 8086, False)
(11848, 9420, 8073, 13466, False)
(19984, 21115, 20670, 17404, False)
(11612, 17234, 18265, 18090, False)
(2559, 7392, 19159, 10574, False)
(7554, 17573, 16014, 13773, False)
(16346, 19284, 19970, 17358, False)
(17151, 20786, 14973, 21889, False)
(1740, 2266, 12478, 2756, False)
(2443, 4091, 0, 9683, False)
(11193, 6321, 11369, 12088, False)
(5065, 0, 7869, 11376, False)
(6471, 14216, 9770, 5225, False)
(11365, 14666, 14189, 11022, False)
(2864, 2390, 0, 4345, False)
(17327, 19581, 4909, 15459, False)
(20375, 20893, 19743, 19701, False)
(9840, 12275, 19644, 18911, False)
(18855, 18573, 17370, 16557, False)
(21472, 22214, 19612, 19182, False)
(2975, 6397, 15671, 8969, False)
(8123, 0, 10186, 18731, False)
(16523, 11889, 6574, 7391, False)
(9722, 6766, 10077, 9470, False)
(17990, 18791, 18904, 15779, False)
(8428, 9199, 7990, 16216, False)
(12754, 13105, 11629, 12794, False)
(19959, 13346, 19795, 14978, False)
(18146, 14693, 19004, 15804, False)
(15557, 19050, 15255, 16661, False)
(15907, 18904, 21314, 19100, False)
(18000, 14801, 18559, 17050, False)
(16016, 13737, 17226, 21150, False)
(15300, 18539, 6547, 13849, False)
(19066, 21474, 17846, 26815, False)
(10824, 13365, 20347, 20420, False)
(19971, 18625, 18917, 17708, False)
(12359, 12902, 11554, 13552, False)
(8702, 8824, 9927, 7940, False)
(18667, 11239, 3060, 19130, False)
(6415, 13653, 18473, 9122, False)
(4765, 3721, 0, 2141, False)
(8353, 0, 8946, 17886, False)
(12639, 13856, 13128, 7849, False)
(2263, 7015, 2164, 1684, False)
(1186, 5485, 12826, 8021, False)
(19696, 20785, 13338, 18975, False)
(6168, 4128, 0, 0, False)
(0, 4273, 4332, 2994, False)
(12746, 12562, 11958, 12124, False)
(11736, 12720, 16157, 6859, False)
(19256, 18564, 20554, 13591, False)
(13234, 20395, 19281, 10160, False)
(15583, 17296, 16683, 13462, False)
(19078, 21807, 19074, 18764, False)
(12637, 15110, 14931, 12664, False)
(19759, 17964, 20508, 17427, False)
(20315, 17476, 12699, 18197, False)
(2503, 9408, 2590, 1229, False)
(19669, 11030, 23068, 22177, False)
(0, 1687, 2379, 5284, False)
(12952, 12047, 4976, 10246, False)
(1335, 5480, 17738, 5440, False)
(11081, 8690, 9572, 10354, False)
(2114, 7792, 2393, 1647, False)
(12762, 14536, 16732, 12572, False)
(14871, 17019, 19697, 18120, False)
(9862, 14727, 17332, 16310, False)
(18226, 17663, 17005, 16566, False)
(16005, 15660, 20656, 18731, False)
(8148, 7991, 10440, 11406, False)
(20351, 20549, 19950, 19924, False)
(14014, 15319, 15281, 12799, False)
(16903, 18866, 20276, 19689, False)
(17792, 14207, 15118, 14698, False)
(11058, 10157, 10230, 9479, False)
(17535, 12879, 12778, 19229, False)
(2311, 2446, 1522, 1709, False)
(16330, 15186, 11692, 14904, False)
(11983, 15061, 12666, 12355, False)
(20721, 21294, 17235, 10748, False)
(17345, 15078, 18557, 17141, False)
(9444, 5894, 9777, 21089, False)
(1517, 2420, 15583, 5499, False)
(12088, 18506, 18898, 14968, False)
(17497, 17670, 17401, 13207, False)
(17893, 21202, 17332, 17951, False)
(2133, 4769, 11514, 7418, False)
(2992, 9998, 3070, 1923, False)
(11662, 17489, 17258, 8091, False)
(8906, 13823, 13864, 1526, False)
(19950, 11213, 5457, 17030, False)
(12751, 17378, 12550, 12331, False)
(16863, 13442, 17480, 15071, False)
(14423, 21420, 19929, 15489, False)
(17627, 17600, 15317, 13644, False)
(15317, 16565, 20098, 12777, False)
(12218, 16369, 17943, 16986, False)
(17990, 22942, 15409, 22368, False)
(16259, 19027, 19857, 16928, False)
(2882, 3048, 2757, 1991, False)
(2026, 10209, 2185, 1384, False)
(15850, 16374, 16922, 18973, False)
(16420, 18904, 17751, 20491, False)
(13322, 12722, 12176, 13380, False)
(10142, 13295, 20297, 14060, False)
(13476, 15100, 17959, 11789, False)
(11963, 0, 9650, 13041, False)
(16764, 10633, 17486, 18660, False)
(2234, 1742, 1973, 0, False)
(11584, 12304, 10354, 2736, False)
(2520, 1660, 1788, 0, False)
(13616, 14813, 13160, 23044, False)
(20435, 14486, 20453, 20714, False)
(14506, 10916, 6903, 17007, False)
(12107, 12795, 12575, 8892, False)
(14965, 16794, 17315, 17902, False)
(9735, 9099, 17444, 10441, False)
(2525, 11737, 2434, 2406, False)
(17145, 18811, 13647, 18389, False)
(18660, 7309, 6011, 8039, False)
(18130, 19813, 19117, 20959, False)
(16991, 9021, 6842, 17263, False)
(0, 4209, 3099, 1695, False)
(12231, 0, 10582, 20033, False)
(15168, 17198, 13846, 15140, False)
(20312, 18687, 20974, 18374, False)
(13405, 17725, 18082, 13269, False)
(6609, 5803, 7750, 12674, False)
(17003, 19157, 17288, 17581, False)
(18542, 18775, 17686, 16489, False)
(12548, 12038, 13249, 10967, False)
(13084, 15119, 16911, 11091, False)
(19765, 19489, 19303, 19736, False)
(8291, 10203, 13466, 16993, False)
(17896, 13236, 17979, 17796, False)
(2080, 5646, 11908, 4824, False)
(1640, 8698, 15603, 6475, False)
(2389, 5758, 0, 3057, False)
(19606, 18432, 20238, 15886, False)
(19222, 17307, 20086, 17609, False)
(9703, 6522, 14712, 21396, False)
(19308, 18655, 12815, 20861, False)
(16587, 9535, 3414, 13480, False)
(12570, 7458, 11783, 8759, False)
(16627, 13550, 14880, 18279, False)
(0, 1763, 1727, 1657, False)
(15293, 19749, 17168, 20675, False)
(17334, 17486, 21295, 18980, False)
(0, 1832, 2219, 0, False)
(20887, 20907, 19487, 19409, False)
(17576, 17320, 14876, 19544, False)
(15296, 19036, 18476, 17849, False)
(17179, 20218, 21350, 18834, False)
(11300, 0, 12067, 15165, False)
(3650, 3660, 0, 4791, False)
(17713, 15686, 20208, 19184, False)
(17107, 15723, 17568, 16219, False)
(15196, 14046, 16835, 18451, False)
(16619, 19265, 20803, 18645, False)
(20466, 20596, 19547, 18552, False)
(16792, 22517, 20244, 18512, False)
(7425, 5847, 8218, 9811, False)
(20153, 20623, 20796, 19466, False)
(9259, 5329, 8453, 8932, False)
(18132, 19016, 20387, 17473, False)
(7174, 9108, 7126, 7444, False)
(17460, 12632, 7030, 15890, False)
(17348, 18846, 15029, 17460, False)
(16361, 20431, 21368, 20848, False)
(13229, 19672, 10330, 9353, False)
(20001, 9968, 6333, 10757, False)
(10440, 11044, 10055, 7880, False)
(19841, 17890, 13847, 15615, False)
(20138, 19666, 7736, 13493, False)
(17441, 17475, 15969, 21945, False)
(15205, 13534, 15458, 10762, False)
(3679, 1625, 2549, 0, False)
(19097, 15126, 11829, 16555, False)
(1626, 2649, 1848, 0, False)
(7589, 7791, 7178, 7538, False)
(15462, 18847, 14415, 20227, False)
(15518, 19061, 16030, 10997, False)
(3295, 8673, 0, 3569, False)
(19127, 14123, 7723, 14822, False)
(19520, 17086, 20092, 16867, False)
(11835, 9426, 5703, 8996, False)
(0, 4023, 1559, 1463, False)
(19189, 14105, 20084, 19181, False)
(3487, 3056, 0, 4699, False)
(14582, 15417, 15853, 18375, False)
(8694, 12113, 19685, 10001, False)
(16935, 13620, 16821, 19916, False)
(16616, 16130, 15618, 20816, False)
(2076, 1600, 1395, 0, False)
(17414, 17644, 17694, 17444, False)
(16375, 19298, 2790, 12195, False)
(14667, 10561, 11844, 9834, False)
(19279, 20160, 16699, 19221, False)
(13244, 11950, 7615, 11382, False)
(10566, 12147, 17522, 20644, False)
(20117, 19448, 16032, 18489, False)
(12017, 6253, 6188, 16305, False)
(15786, 10685, 14531, 18684, False)
(13670, 12301, 18364, 15499, False)
(9463, 18162, 21390, 14843, False)
(13313, 17209, 11575, 11578, False)
(5105, 0, 11806, 16955, False)
(17280, 10499, 6244, 8599, False)
(1009, 1178, 1099, 0, False)
(18693, 19048, 8459, 12174, False)
(14368, 15579, 19264, 18644, False)
(7594, 7126, 10918, 14964, False)
(3500, 3131, 6117, 0, False)
(17021, 16775, 16191, 17191, False)
(16300, 17716, 21651, 16645, False)
(6942, 6619, 7478, 5533, False)
(0, 2284, 2792, 4409, False)
(12117, 14959, 18899, 16872, False)
(18440, 16709, 20932, 19957, False)
(14871, 22752, 17813, 15906, False)
(9310, 16215, 18105, 14117, False)
(18851, 8965, 7789, 7540, False)
(6410, 7330, 11448, 10325, False)
(11931, 12655, 12791, 13033, False)
(16243, 10855, 10967, 7586, False)
(1578, 3311, 1216, 1252, False)
(9222, 0, 14676, 16373, False)
(12712, 11008, 10423, 7169, False)
(1562, 2013, 1643, 1502, False)
(12747, 18786, 17423, 20382, False)
(20097, 18918, 19301, 21592, False)
(3348, 3429, 0, 4950, False)
(16438, 17572, 19044, 19788, False)
(7563, 11282, 13406, 7506, False)
(8581, 6571, 6302, 6102, False)
(11728, 10355, 8644, 10827, False)
(17691, 16648, 17343, 10673, False)
(17365, 17648, 14472, 11772, False)
(17361, 19326, 21506, 16218, False)
(13000, 18349, 14546, 12809, False)
(2740, 3359, 2144, 0, False)
(7774, 19311, 16841, 6142, False)
(11260, 12760, 10944, 10821, False)
(12994, 15115, 14785, 13899, False)
(16195, 17838, 16274, 17540, False)
(18945, 17230, 17558, 18122, False)
(15719, 15763, 11211, 4814, False)
(3145, 3721, 0, 5934, False)
(15379, 17634, 18433, 17514, False)
(7023, 11213, 10057, 9732, False)
(13499, 12578, 12702, 10699, False)
(22432, 20024, 20678, 22688, False)
(14514, 17584, 16603, 21246, False)
(6105, 8416, 7753, 7647, False)
(13566, 16730, 18501, 19920, False)
(11682, 10080, 19407, 18789, False)
(6608, 7434, 8341, 6361, False)
(11707, 5652, 9715, 14580, False)
(15355, 18513, 17030, 16597, False)
(13960, 19003, 13450, 11796, False)
(8682, 19047, 7922, 6781, False)
(8965, 9180, 11800, 8146, False)
(0, 2243, 1743, 1409, False)
(12699, 6950, 12495, 13042, False)
(0, 1619, 5049, 6071, False)
(16444, 16953, 12618, 10288, False)
(16212, 19965, 15026, 20897, False)
(16522, 16608, 13130, 6288, False)
(17669, 9963, 19139, 18620, False)
(13686, 19014, 16967, 15081, False)
(17425, 19904, 15991, 14828, False)
(21166, 17641, 17220, 21401, False)
(20034, 19512, 19992, 16864, False)
(17786, 20739, 15130, 15399, False)
(19617, 19597, 18752, 18976, False)
(6216, 12540, 18628, 10231, False)
(20303, 20079, 18788, 18561, False)
(18642, 20271, 17551, 17538, False)
(17503, 18271, 13615, 16733, False)
(3481, 7580, 12141, 6382, False)
(20135, 20334, 20444, 14628, False)
(17691, 17704, 17708, 21582, False)
(7956, 13639, 18735, 17136, False)
(3936, 11129, 2512, 1534, False)
(20161, 17090, 17735, 19512, False)
(19879, 17674, 10140, 15649, False)
(10409, 18772, 16984, 19465, False)
(20216, 20553, 20134, 19407, False)
(10795, 15991, 18729, 17599, False)
(17394, 19378, 21454, 16028, False)
(16702, 15641, 17489, 16758, False)
(2576, 11118, 2510, 1828, False)
(0, 4077, 2081, 3111, False)
(12402, 15875, 11189, 13677, False)
(7434, 8715, 10162, 7894, False)
(18084, 20516, 21981, 17707, False)
(14364, 10010, 16730, 19320, False)
(15310, 6625, 7000, 18832, False)
(5660, 0, 4380, 15948, False)
(13991, 18027, 20667, 12389, False)
(19557, 16840, 14542, 18109, False)
(20822, 19065, 15887, 20213, False)
(14582, 17593, 14283, 11343, False)
(17756, 13402, 11384, 12404, False)
(17304, 17723, 12387, 7727, False)
(8030, 13260, 18873, 12642, False)
(4950, 7805, 5399, 0, False)
(20090, 16527, 16808, 15422, False)
(19552, 12076, 16861, 18668, False)
(18958, 19278, 17559, 20316, False)
(7765, 0, 11863, 14619, False)
(19503, 18331, 9044, 8568, False)
(7913, 10477, 7947, 8053, False)
(12678, 13954, 14717, 12361, False)
(2786, 2081, 6919, 0, False)
(19012, 17117, 19714, 19190, False)
(18433, 18539, 16828, 17528, False)
(18091, 20530, 18642, 15412, False)
(14599, 9418, 5519, 6729, False)
(12813, 18526, 14362, 7344, False)
(6380, 11110, 17405, 12303, False)
(16194, 17299, 18524, 16842, False)
(10544, 15241, 14520, 11850, False)
(12378, 0, 11895, 19652, False)
(6543, 14168, 17808, 14089, False)
(17914, 20144, 16150, 13721, False)
(20040, 21577, 19866, 19000, False)
(15148, 17535, 13152, 13475, False)
(0, 1808, 1418, 1711, False)
(16314, 18571, 18055, 18164, False)
(8973, 8333, 10407, 8047, False)
(12649, 14923, 13877, 15961, False)
(20538, 18051, 14164, 13499, False)
(18827, 20630, 20280, 19915, False)
(12857, 8499, 8951, 9765, False)
(18362, 17551, 17853, 18117, False)
(9394, 21011, 19871, 14983, False)
(12101, 14175, 17184, 20347, False)
(13178, 11047, 2451, 18159, False)
(9796, 13111, 13452, 13529, False)
(5094, 6557, 5400, 8039, False)
(13618, 7896, 15180, 22388, False)
(16193, 19466, 19947, 11012, False)
(2791, 11925, 2475, 1736, False)
(7372, 0, 5788, 20748, False)
(13598, 17299, 16672, 10929, False)
(14079, 19369, 13908, 11749, False)
(7048, 6244, 16045, 17681, False)
(1570, 2477, 1000, 0, False)
(19277, 17492, 17781, 9083, False)
(17784, 20557, 19752, 18636, False)
(7965, 6557, 6900, 7567, False)
(8799, 10590, 6601, 6453, False)
(18113, 11131, 18792, 16758, False)
(16921, 14996, 16796, 14467, False)
(19250, 18036, 19124, 18291, False)
(8758, 16143, 13202, 16649, False)
(19531, 18506, 16355, 10279, False)
(18521, 17916, 21300, 13002, False)
(14944, 9903, 11102, 10636, False)
(18612, 18344, 20488, 20721, False)
(17964, 16856, 16324, 17857, False)
(17543, 17247, 16636, 18238, False)
(6913, 0, 5081, 11888, False)
(18092, 20746, 17133, 11258, False)
(17644, 11911, 19815, 21504, False)
(12342, 13624, 10992, 9689, False)
(14127, 14626, 19884, 22310, False)
(17595, 13135, 13516, 11368, False)
(13187, 12997, 19405, 20533, False)
(11335, 14534, 15772, 13747, False)
(15329, 13373, 12876, 17792, False)
(9337, 9018, 12347, 9301, False)
(1671, 1523, 2155, 0, False)
(9917, 8998, 12331, 10248, False)
(14762, 15946, 16375, 11953, False)
(14999, 11311, 16254, 16544, False)
(20397, 21025, 19611, 17015, False)
(18667, 7918, 15258, 17406, False)
(5497, 15978, 7499, 5925, False)
(12038, 11825, 10533, 12757, False)
(13469, 16061, 15220, 17491, False)
(16108, 16177, 16768, 18370, False)
(14928, 18945, 13512, 14448, False)
(1281, 1546, 2165, 0, False)
(17693, 14596, 19155, 17832, False)
(18401, 18827, 16718, 17705, False)
(10736, 14225, 11578, 13578, False)
(11334, 20433, 17798, 18718, False)
(12426, 7941, 12557, 16475, False)
(17474, 18850, 17848, 16007, False)
(18176, 18269, 20219, 18498, False)
(12619, 14418, 17092, 18063, False)
(17792, 20590, 17627, 14556, False)
(18468, 10876, 18654, 20388, False)
(18989, 19633, 16801, 14206, False)
(12974, 11964, 12195, 10542, False)
(0, 3389, 1758, 2238, False)
(11682, 19763, 16563, 11744, False)
(10320, 0, 13790, 15179, False)
(22310, 19231, 17957, 17838, False)
(17102, 17852, 14408, 15034, False)
(18135, 18173, 15347, 17915, False)
(21499, 13699, 10955, 17417, False)
(19731, 22161, 21031, 18074, False)
(13284, 18339, 14620, 13970, False)
(9184, 18767, 19527, 18722, False)
(18195, 17817, 18356, 18531, False)
(16916, 18188, 12990, 14490, False)
(17231, 19398, 17617, 17411, False)
(14595, 16703, 12571, 15231, False)
(2375, 1358, 1974, 0, False)
(16861, 14473, 10499, 5185, False)
(9701, 9477, 6696, 7450, False)
(16826, 19108, 18204, 19980, False)
(16989, 17606, 13905, 13144, False)
(19672, 18770, 18808, 17205, False)
(1646, 2575, 2214, 1453, False)
(12384, 18578, 17170, 17790, False)
(21743, 28691, 17084, 19215, False)
(19088, 19584, 19342, 18634, False)
(10389, 18704, 20421, 18918, False)
(11063, 10196, 10651, 6752, False)
(19864, 11981, 22837, 20026, False)
(13668, 0, 10069, 14855, False)
(15895, 14178, 9269, 16683, False)
(12388, 16503, 18735, 20202, False)
(5358, 5330, 0, 9752, False)
(7164, 14058, 20363, 13785, False)
(7023, 0, 7825, 20346, False)
(11159, 10483, 9789, 12929, False)
(14137, 14709, 2998, 10924, False)
(17157, 16578, 16186, 16278, False)
(16383, 13579, 17854, 19666, False)
(13507, 8371, 15156, 17494, False)
(6365, 2823, 4883, 0, False)
(0, 2303, 4494, 3131, False)
(3821, 9343, 0, 3408, False)
(2155, 1723, 2243, 0, False)
(11264, 16470, 16913, 21123, False)
(18092, 17641, 17038, 17874, False)
(19756, 21774, 20201, 17657, False)
(18359, 21743, 20547, 16802, False)
(6026, 17558, 16797, 6506, False)
(1244, 2877, 2480, 0, False)
(0, 1288, 1239, 1943, False)
(8543, 20130, 21472, 17098, False)
(11851, 13654, 15999, 19167, False)
(2411, 11877, 2940, 3284, False)
(10016, 10096, 11086, 12247, False)
(12868, 11764, 10297, 21115, False)
(14136, 19412, 19560, 17429, False)
(17077, 11987, 17470, 18842, False)
(12995, 13590, 4051, 11409, False)
(7403, 14162, 18187, 19249, False)
(13113, 18678, 18785, 12067, False)
(3117, 10870, 2788, 1471, False)
(15676, 17294, 14780, 13141, False)
(8543, 13223, 17179, 8970, False)
(18780, 17574, 17152, 19698, False)
(13884, 0, 12667, 21609, False)
(18301, 15873, 16116, 17749, False)
(17383, 20840, 16694, 18915, False)
(10673, 9767, 13211, 10944, False)
(12290, 16933, 21552, 19129, False)
(15208, 15824, 16847, 12100, False)
(18368, 15228, 14485, 18339, False)
(21387, 15296, 19091, 20943, False)
(10313, 7890, 9343, 9841, False)
(16963, 15270, 13350, 22809, False)
(6269, 1863, 3885, 0, False)
(18844, 8891, 6550, 14003, False)
(21660, 21214, 19719, 20827, False)
(17297, 11710, 5413, 18635, False)
(13758, 23913, 21927, 19259, False)
(18987, 21229, 16619, 17293, False)
(18575, 20346, 21149, 18994, False)
(1624, 0, 2208, 1252, False)
(12330, 13611, 10982, 13126, False)
(17732, 17906, 12172, 18544, False)
(16259, 17731, 17646, 16815, False)
(17691, 14954, 15602, 17803, False)
(20592, 14365, 17847, 20353, False)
(14815, 0, 12337, 20910, False)
(2645, 11960, 3124, 1399, False)
(12382, 17521, 19186, 18702, False)
(5161, 10155, 7486, 7123, False)
(14872, 16430, 16340, 14629, False)
(14965, 10297, 12746, 12513, False)
(8343, 14762, 12944, 9394, False)
(20522, 14616, 18984, 19088, False)
(4274, 4340, 0, 2729, False)
(15915, 13845, 11501, 11960, False)
(1761, 2943, 11192, 2376, False)
(21473, 22820, 20565, 18962, False)
(6018, 5942, 7023, 7945, False)
(4400, 1703, 3652, 0, False)
(14719, 20045, 18614, 12708, False)
(17829, 13814, 7520, 11223, False)
(20137, 21496, 19626, 19111, False)
(18125, 15701, 16736, 20283, False)
(16154, 19137, 19285, 18662, False)
(15860, 16830, 17706, 17438, False)
(19059, 17711, 20529, 20755, False)
(0, 2558, 1840, 720, False)
(2274, 3549, 4073, 0, False)
(7024, 12739, 19430, 13264, False)
(12395, 18768, 17014, 19488, False)
(16162, 15662, 13350, 19115, False)
(2723, 4638, 0, 2775, False)
(17448, 20786, 18528, 15845, False)
(17415, 20243, 20190, 20274, False)
(11538, 10240, 13083, 13485, False)
(8096, 18079, 16563, 12263, False)
(16875, 16060, 8246, 8681, False)
(16982, 19854, 17346, 15989, False)
(16923, 11213, 5975, 12361, False)
(16373, 8989, 11067, 20037, False)
(20182, 18113, 12414, 14038, False)
(18437, 7145, 10425, 19295, False)
(22246, 18259, 17262, 19184, False)
(19897, 18332, 12008, 7621, False)
(12010, 12421, 10051, 20810, False)
(17697, 21916, 16699, 17826, False)
(19940, 16848, 17447, 18720, False)
(16410, 11267, 14233, 18815, False)
(21519, 22397, 21268, 19123, False)
(12747, 7925, 9599, 12212, False)
(17920, 19363, 19216, 11402, False)
(19986, 17745, 20736, 18926, False)
(10689, 0, 11013, 15245, False)
(19373, 19507, 20724, 19005, False)
(19697, 20376, 18819, 9761, False)
(17656, 17799, 15258, 15203, False)
(20082, 16679, 13158, 11988, False)
(19242, 19515, 13391, 16508, False)
(15726, 15636, 12884, 16367, False)
(13609, 8693, 14203, 10361, False)
(22406, 17033, 18344, 21488, False)
(8658, 11364, 17869, 11511, False)
(10511, 10406, 9863, 13275, False)
(18194, 18955, 16217, 12018, False)
(8621, 23239, 10035, 6421, False)
(17781, 16214, 14340, 16938, False)
(17119, 15740, 17876, 19266, False)
(18838, 20146, 18493, 16420, False)
(6776, 14539, 18601, 14776, False)
(9982, 15219, 20047, 14750, False)
(18783, 9534, 7034, 8801, False)
(4491, 3119, 0, 4961, False)
(17961, 19592, 17138, 18001, False)
(17771, 20677, 18980, 18108, False)
(19307, 17455, 13395, 19655, False)
(17868, 20690, 17360, 16593, False)
(6242, 12471, 5828, 9999, False)
(6996, 8839, 17518, 18586, False)
(12476, 14427, 11909, 11039, False)
(15687, 20872, 17879, 15901, False)
(6448, 10256, 18321, 11264, False)
(18449, 18363, 15540, 17857, False)
(15346, 12962, 10868, 12966, False)
(18389, 18746, 20617, 19740, False)
(10046, 12295, 8255, 7186, False)
(18526, 15485, 16869, 17801, False)
(20294, 18803, 15568, 18635, False)
(2551, 6274, 2136, 2035, False)
(6680, 6066, 8619, 6356, False)
(1270, 2300, 3201, 2366, False)
(16770, 11258, 11146, 8888, False)
(13703, 17707, 16567, 24724, False)
(17861, 20942, 19255, 16685, False)
(12126, 12796, 11013, 6097, False)
(13173, 7494, 8971, 17040, False)
(14622, 11511, 12145, 13326, False)
(17080, 14267, 12937, 11392, False)
(6695, 3343, 0, 2766, False)
(15896, 12458, 18544, 18373, False)
(15618, 17418, 16320, 12867, False)
(2221, 1464, 2718, 0, False)
(3123, 4451, 0, 4309, False)
(7686, 6355, 7931, 8084, False)
(4107, 9729, 16389, 7447, False)
(20672, 16526, 14780, 20774, False)
(7444, 9886, 19680, 11602, False)
(20526, 19973, 19275, 18468, False)
(15668, 17015, 19314, 18500, False)
(17035, 20331, 14670, 18282, False)
(18358, 16673, 12879, 17373, False)
(6469, 6394, 6375, 10476, False)
(15252, 10366, 15221, 15443, False)
(15925, 19501, 18717, 18314, False)
(19397, 14505, 7434, 21237, False)
(2088, 4879, 1543, 2781, False)
(12713, 15398, 17025, 12213, False)
(3446, 10189, 11665, 5439, False)
(14083, 13348, 17662, 14343, False)
(15536, 18315, 17869, 19103, False)
(6465, 16910, 12368, 5812, False)
(8040, 18314, 16370, 5807, False)
(19143, 15298, 12188, 13508, False)
(15304, 18392, 16604, 12123, False)
(1699, 1843, 2287, 1713, False)
(19091, 20205, 16807, 18360, False)
(14711, 15796, 18877, 12855, False)
(17819, 17816, 20158, 17057, False)
(18431, 15438, 20099, 17526, False)
(13510, 7850, 15866, 20177, False)
(16759, 14860, 11448, 11848, False)
(15994, 15439, 18185, 19040, False)
(15769, 17973, 17923, 15019, False)
(16760, 18443, 17300, 22645, False)
(17290, 8713, 7303, 11217, False)
(8531, 17224, 16991, 16362, False)
(10882, 8022, 8592, 15253, False)
(19164, 10998, 16374, 17413, False)
(1693, 1367, 1746, 0, False)
(15482, 18150, 18093, 19737, False)
(11298, 8880, 11675, 12355, False)
(19267, 19158, 18698, 18850, False)
(19640, 17516, 16058, 16791, False)
(13379, 17717, 19038, 15093, False)
(19257, 21141, 17542, 13305, False)
(6020, 1204, 5244, 0, False)
(3100, 11262, 2657, 3256, False)
(2496, 9173, 3922, 1648, False)
(12627, 11651, 6576, 11627, False)
(748, 2871, 15409, 6880, False)
(15444, 16077, 18001, 13618, False)
(17241, 12598, 6896, 8045, False)
(2067, 1221, 2930, 0, False)
(18147, 8106, 7553, 19559, False)
(7376, 9157, 15725, 12203, False)
(18575, 17361, 17142, 17246, False)
(8367, 10487, 8577, 10608, False)
(15444, 16546, 19688, 19126, False)
(18945, 16709, 15865, 22094, False)
(9791, 12359, 15273, 6666, False)
(13436, 21394, 19752, 17351, False)
(4448, 0, 3774, 11206, False)
(19702, 19142, 13767, 11194, False)
(11388, 12416, 11014, 10383, False)
(16835, 19519, 19212, 21310, False)
(1850, 1384, 1309, 0, False)
(7695, 13653, 15569, 15025, False)
(17460, 9896, 8270, 11639, False)
(13870, 12175, 10919, 15258, False)
(20358, 17261, 17078, 19158, False)
(2672, 11274, 3684, 1422, False)
(0, 6163, 3289, 3524, False)
(17719, 21285, 20395, 12740, False)
(18536, 16739, 20173, 19820, False)
(2437, 1764, 1486, 2421, False)
(8343, 6960, 10753, 20494, False)
(17530, 9160, 15979, 18763, False)
(13636, 20276, 17160, 21470, False)
(15449, 5951, 5730, 10365, False)
